User ID,Friends
5,12,17,18,14,26,1,4,11,20,2,16,6
12,5,17,28,18,13,1,30,3,11,27,2,16,6
17,5,12,18,14,29,11,10,22,23,20,16
28,12,9,13,7,29,4,24,11,10,27,22
9,28,14,26,15,1,4,24,10,27,2,16,8,25
18,5,12,17,13,15,30,24,11,23,21,20,19,6
13,12,28,18,14,7,29,4,3,19,2,8,6
14,5,17,9,13,15,4,3,27,20,19,8
26,5,9,7,3,10,27,22,23,21,20,2,25
7,28,13,26,15,1,30,3,21,20,8,6
15,9,18,14,7,29,4,11,21,20,19,16,6
1,5,12,9,7,4,3,10,2,8,25,6
29,17,28,13,15,30,24,11,23,19,25
4,5,28,9,13,14,15,1,3,10,27,16
30,12,18,7,29,24,11,21,19,16,25
3,12,13,14,26,7,1,4,27,2,8,25
24,28,9,18,29,30,27,22,23,19,8,25
11,5,12,17,28,18,15,29,30,10,2
10,17,28,9,26,1,4,11,27,2,16
27,12,28,9,14,26,4,3,24,10,23,21,8,6
22,17,28,26,24,23,21,20,16,8,25
23,17,18,26,29,24,27,22,21,8,25
21,18,26,7,15,30,27,22,23,20,19,16
20,5,17,18,14,26,7,15,22,21,19,16,25,6
19,18,13,14,15,29,30,24,21,20,16,25,6
2,5,12,9,13,26,1,3,11,10,25,6
16,5,12,17,9,15,4,30,10,22,21,20,19,8
8,9,13,14,7,1,3,24,27,22,23,16
25,9,26,1,29,30,3,24,22,23,20,19,2
6,5,12,18,13,7,15,1,27,20,19,2
